43696
43696
43696
43696
43696
43459
43459
43459
43459
43459
43459
43459
43459
43723
43723
43723
43283
43679
44207
43201
43333
43333
43333
43333
43333
43333
43333
43333
43333
43333
43333
43333
43399
43399
43399
43399
43399
43399
43399
43399
43399
43399
43399
43399
43399
43399
43399
43399
43531
43531
43531
43531
43993
43553
43245
43377
43377
43377
43377
43377
43377
43377
43377
43377
43377
43377
43377
43377
43377
43377
43377
43377
43377
43377
43377
43509
43509
43509
43509
43509
43509
43509
43509
43509
43509
43773
43531
43795
43795
43795
43795
43993
43993
43303
43501
43831
43831
43831
43831
44095
44095
43339
43405
43603
43603
43603
43867
43867
43867
43222
43222
43222
43420
43420
43420
43420
43420
43816
43816
43816
43816
43816
44080
44344
43338
43470
43470
43470
43470
43470
43470
43470
43470
43470
43470
43470
43470
43470
43470
43470
43602
43602
43602
43602
43866
43866
43866
43866
43422
43422
43422
43422
43422
43422
43422
43422
43620
43620
43686
43686
43686
44148
43642
43642
43642
43642
43642
43642
43642
43642
43642
43642
43642
43642
43642
43642
43642
43642
43642
43642
43642
43708
43708
43708
43708
43708
43708
43708
43708
43708
43708
43708
43708
43708
43708
43708
43708
43708
43708
43708
43708
43708
43708
43708
43708
43708
43708
43389
43389
43389
43455
43653
43653
43917
43917
43598
43598
43598
43598
43598
43598
43598
43664
43730
43730
43730
43730
43730
43730
43994
43349
43349
43349
43349
43349
43349
43547
43547
43745
43943
