576095
576095
576095
576095
576101
575826
575826
575826
575826
575826
575826
575826
575826
576101
576101
576101
575664
576101
576601
575601
575726
575726
575726
575726
575726
575726
575726
575726
575726
575726
575726
575726
575726
575726
575726
575726
575726
575726
575726
575726
575726
575726
575726
575726
575726
575726
575726
575726
575851
575851
575851
575851
576351
575851
575601
575726
575726
575726
575726
575726
575726
575726
575726
575726
575726
575726
575726
575726
575726
575726
575726
575726
575726
575726
575726
575851
575851
575851
575851
575851
575851
575851
575851
575851
575851
576101
575851
576101
576101
576101
576101
576351
576351
575601
575851
576101
576101
576101
576101
576351
576351
575601
575664
575851
575851
575851
576101
576101
576101
575476
575476
575476
575664
575664
575664
575664
575664
576101
576101
576101
576101
576101
576351
576601
575601
575726
575726
575726
575726
575726
575726
575726
575726
575726
575726
575726
575726
575726
575726
575726
575851
575851
575851
575851
576101
576101
576101
576101
575664
575664
575664
575664
575664
575664
575664
575664
575851
575851
575851
575851
575851
576351
575851
575851
575851
575851
575851
575851
575851
575851
575851
575851
575851
575851
575851
575851
575851
575851
575851
575851
575851
575914
575914
575914
575914
575914
575914
575914
575914
575914
575914
575914
575914
575914
575914
575914
575914
575914
575914
575914
575914
575914
575914
575914
575914
575914
575914
575601
575601
575601
575664
575851
575851
576101
576101
575789
575789
575789
575789
575789
575789
575789
575789
575851
575851
575851
575851
575851
575851
576101
575476
575476
575476
575476
575476
575476
575664
575664
575851
576101
