63880
63880
63880
63880
63880
63880
63880
63880
63880
63880
63880
63880
63880
63740
63746
63829
64209
64184
64657
69012
69195
69550
70558
72838
72112
70861
72029
73481
72569
72386
73177
71759
72750
71796
73282
72020
73191
73191
73191
73191
73191
73930
73930
73969
75165
72839
74962
74743
74664
75911
76178
76674
76893
76914
77099
77324
77194
77249
77227
77522
77996
76464
76727
77389
77025
77025
77158
77158
77516
77522
77868
76467
77530
78250
78250
79363
80306
80371
80888
77646
78582
78940
79131
80519
82436
81929
81607
81955
81955
79567
80569
81625
81490
81490
81490
81474
81546
82327
80268
81055
81946
79265
80234
80124
80166
80183
80183
80226
80226
80890
80945
80832
80986
80821
82397
83785
85170
85470
86438
88082
83764
82892
83725
83387
84545
85198
85343
85605
85702
86442
87017
88696
88563
88570
88574
88590
88646
88397
88272
88293
88293
88293
88537
86114
85563
85706
85706
85706
85706
85706
85692
85692
81322
81322
81355
81355
81417
81417
81417
81417
81417
81417
81474
81474
81474
81357
81357
81357
81357
81399
81399
81416
81619
81619
81619
81619
81619
81619
81619
81463
81446
81446
81340
81340
81352
81352
81352
81352
81352
81352
81407
81407
81407
81407
81407
81407
81407
81407
81407
81407
81407
81407
81580
81580
81602
81602
81602
81652
81652
81652
81652
81549
81445
81445
81445
81445
81445
81445
80121
80121
80121
80121
80121
80168
80168
80168
80168
80168
80168
80168
80168
80168
80353
80353
80353
80353
80353
80353
80353
80305
