33331
33331
33331
33331
33331
33331
33331
33331
33331
33331
33331
33331
33331
33331
33327
33336
33621
33444
32961
36804
36805
36870
37800
38438
38479
36884
37750
37750
38053
38054
38074
36923
37860
36923
37882
36924
37951
37951
37951
37951
37951
38673
38673
38673
39529
36926
38476
37771
37771
37964
38199
38852
38932
38941
38941
39501
39501
39556
39556
39561
39581
37660
37984
38034
38134
38134
38134
38134
38439
38437
38593
36977
37375
38554
38554
39610
40476
40476
40491
36984
37157
38016
38017
38022
38022
36979
38336
39082
39082
40122
41178
42234
42234
42234
42234
42234
42235
42716
43166
43456
44335
42564
42599
42597
42597
42597
42597
42597
42597
43175
43175
43175
43191
42747
43437
43437
43959
44053
44161
44190
38225
37773
38381
38082
39087
39492
39609
39774
39757
40498
41504
42211
43107
43107
43107
43123
43123
43123
43123
43123
43123
43123
43123
43123
43139
43291
43277
43277
43277
43277
43278
43278
43278
43278
43278
43278
43278
43278
43278
43278
43278
43278
43278
43278
43278
43278
43278
43278
43278
43278
43278
43278
43278
43278
43278
43278
43278
43278
43278
43278
43278
43278
43278
43278
43278
43278
43278
43278
43278
43278
43278
43278
43278
43278
43278
43278
43278
43278
43278
43278
43278
43278
43278
43278
43278
43278
43278
43278
43278
43278
43278
43278
43278
43278
43278
43278
43278
43278
43278
43278
43278
43278
43278
43278
43278
43278
43278
43278
43278
43278
43278
43278
43278
43278
43278
43278
43278
43278
43278
43278
