736759
736759
736759
736759
736759
736759
736759
736759
736759
736759
736759
736759
736759
736762
736755
736749
737291
736761
740471
740465
741390
746501
746501
746513
746505
741177
745275
745279
745715
745717
745721
744649
744649
745110
747927
743507
746503
746503
746503
746503
746503
746503
746503
746503
746509
745279
745291
745657
745657
747669
748321
748139
748823
748819
748819
749527
749527
749535
749535
749545
749543
741393
747159
747163
747151
747151
747151
747151
747153
747151
747163
747157
747157
747149
747149
747149
747151
747153
747161
743843
747159
747153
747157
747157
747157
743338
746157
746149
746149
745893
745893
745893
745893
745893
745893
745893
745893
745264
744442
747706
747706
745111
745119
745115
745115
745115
745115
745115
745819
746519
746519
746519
746519
749157
749153
749929
750123
750185
750181
750901
745762
745561
746374
747804
753340
783765
786838
789568
789067
789086
789171
787127
787127
787127
787127
787127
787127
787127
787127
787127
787127
787127
787127
787639
787639
787299
787044
787044
787044
787044
787044
787044
785252
785252
785252
785252
785252
785252
785252
785252
785252
785252
785252
785252
785252
785252
785252
785252
785252
785252
785252
785252
785252
785252
785252
785252
785252
785252
785252
785252
785252
785252
785252
785252
785252
785252
785252
785252
785252
785252
785252
785252
785252
785252
785252
785252
785252
785252
785252
785252
785252
785252
785252
785252
785252
785252
785252
785252
785252
785252
785252
785252
785252
785252
785252
785252
785252
785252
785252
784228
784228
784228
784228
784228
784228
784228
784228
784228
784228
784228
784228
784228
784228
784228
784228
784228
784228
784228
784228
784228
